{
 "cells": [
  {
   "cell_type": "markdown",
   "metadata": {},
   "source": [
    "# HW13.5 Majorant Minimization\n",
    "By ZincCat\n",
    "\n",
    "$\\min_{\\mathbf{x}} \\frac{1}{2} \\|\\mathbf{A}\\mathbf{x}-\\mathbf{b}\\|^{2} + \\lambda\\|\\mathbf{x}\\|_{1}$"
   ]
  },
  {
   "cell_type": "code",
   "execution_count": 1,
   "metadata": {},
   "outputs": [],
   "source": [
    "import numpy as np\n",
    "from lbfgs import LBFGS\n",
    "from bfgs import BFGS\n",
    "from matplotlib import pyplot as plt\n",
    "\n",
    "# 设置随机种子\n",
    "np.random.seed(19890817)"
   ]
  },
  {
   "cell_type": "code",
   "execution_count": 2,
   "metadata": {},
   "outputs": [],
   "source": [
    "# 定义一些辅助函数\n",
    "n = 20\n",
    "A = np.random.normal(3, 5, (n, n))\n",
    "b = np.random.normal(3, 3, n) \n",
    "x0 = np.ones(n)"
   ]
  },
  {
   "cell_type": "code",
   "execution_count": 3,
   "metadata": {},
   "outputs": [
    {
     "name": "stdout",
     "output_type": "stream",
     "text": [
      "4353.79001549459\n"
     ]
    }
   ],
   "source": [
    "L = np.linalg.svd(A.T@A)[1][0]\n",
    "print(L)"
   ]
  },
  {
   "cell_type": "code",
   "execution_count": 7,
   "metadata": {},
   "outputs": [],
   "source": [
    "lam = 1e-3 # lambda\n",
    "def f(x):\n",
    "    # 原函数\n",
    "    return 1/2*(np.linalg.norm(A@x-b))**2 + lam*np.linalg.norm(x, ord=1)\n",
    "def grad1(xk):\n",
    "    # Lipschitz majorant function的梯度\n",
    "    return lambda x: A.T@(A@xk-b) + L*(x-xk) + lam*np.sign(x)\n",
    "def grad2(xk):\n",
    "    # 第二个majorant function的梯度\n",
    "    return lambda x: A.T@(A@x-b) + lam*x/np.abs(xk)\n",
    "def grad(x):\n",
    "    # 原函数的梯度\n",
    "    return A.T@(A@x-b) + lam*np.sign(x)\n",
    "def G1(xk):\n",
    "    # Lipschitz gradient majorant\n",
    "    return lambda x: 1/2*(np.linalg.norm(A@xk-b))**2 + np.dot(A.T@(A@xk-b), x-xk) + L/2*(np.linalg.norm(x-xk))**2 + lam*np.linalg.norm(x, ord=1)\n",
    "def G2(xk):\n",
    "    # variational majorant function\n",
    "    return lambda x: 1/2*(np.linalg.norm(A@x-b))**2 + lam*np.dot(x, x/np.abs(xk))/2"
   ]
  },
  {
   "cell_type": "code",
   "execution_count": 10,
   "metadata": {
    "tags": [
     "outputPrepend"
    ]
   },
   "outputs": [
    {
     "name": "stdout",
     "output_type": "stream",
     "text": [
      " f(x)= 0.007156736217091667\n",
      "15436 th iteration, f(x)= 0.007156736217028679\n",
      "15437 th iteration, f(x)= 0.007156736216965811\n",
      "15438 th iteration, f(x)= 0.007156736216903058\n",
      "15439 th iteration, f(x)= 0.007156736216840425\n",
      "15440 th iteration, f(x)= 0.007156736216777909\n",
      "15441 th iteration, f(x)= 0.007156736216715508\n",
      "15442 th iteration, f(x)= 0.007156736216653224\n",
      "15443 th iteration, f(x)= 0.007156736216591059\n",
      "15444 th iteration, f(x)= 0.007156736216529008\n",
      "15445 th iteration, f(x)= 0.00715673621646707\n",
      "15446 th iteration, f(x)= 0.0071567362164052534\n",
      "15447 th iteration, f(x)= 0.007156736216343547\n",
      "15448 th iteration, f(x)= 0.007156736216281962\n",
      "15449 th iteration, f(x)= 0.007156736216220488\n",
      "15450 th iteration, f(x)= 0.007156736216159131\n",
      "15451 th iteration, f(x)= 0.007156736216097886\n",
      "15452 th iteration, f(x)= 0.007156736216036756\n",
      "15453 th iteration, f(x)= 0.007156736215975744\n",
      "15454 th iteration, f(x)= 0.00715673621591484\n",
      "15455 th iteration, f(x)= 0.007156736215854051\n",
      "15456 th iteration, f(x)= 0.007156736215793381\n",
      "15457 th iteration, f(x)= 0.007156736215732819\n",
      "15458 th iteration, f(x)= 0.0071567362156723735\n",
      "15459 th iteration, f(x)= 0.007156736215612039\n",
      "15460 th iteration, f(x)= 0.007156736215551817\n",
      "15461 th iteration, f(x)= 0.00715673621549171\n",
      "15462 th iteration, f(x)= 0.007156736215431713\n",
      "15463 th iteration, f(x)= 0.0071567362153718275\n",
      "15464 th iteration, f(x)= 0.007156736215312058\n",
      "15465 th iteration, f(x)= 0.007156736215252395\n",
      "15466 th iteration, f(x)= 0.0071567362151928465\n",
      "15467 th iteration, f(x)= 0.007156736215133406\n",
      "15468 th iteration, f(x)= 0.00715673621507408\n",
      "15469 th iteration, f(x)= 0.007156736215014866\n",
      "15470 th iteration, f(x)= 0.00715673621495576\n",
      "15471 th iteration, f(x)= 0.007156736214896764\n",
      "15472 th iteration, f(x)= 0.007156736214837882\n",
      "15473 th iteration, f(x)= 0.007156736214779106\n",
      "15474 th iteration, f(x)= 0.007156736214720441\n",
      "15475 th iteration, f(x)= 0.0071567362146618884\n",
      "15476 th iteration, f(x)= 0.00715673621460344\n",
      "15477 th iteration, f(x)= 0.007156736214545104\n",
      "15478 th iteration, f(x)= 0.0071567362144868765\n",
      "15479 th iteration, f(x)= 0.0071567362144287616\n",
      "15480 th iteration, f(x)= 0.007156736214370748\n",
      "15481 th iteration, f(x)= 0.007156736214312847\n",
      "15482 th iteration, f(x)= 0.007156736214255054\n",
      "15483 th iteration, f(x)= 0.0071567362141973685\n",
      "15484 th iteration, f(x)= 0.007156736214139789\n",
      "15485 th iteration, f(x)= 0.00715673621408232\n",
      "15486 th iteration, f(x)= 0.0071567362140249596\n",
      "15487 th iteration, f(x)= 0.007156736213967703\n",
      "15488 th iteration, f(x)= 0.007156736213910553\n",
      "15489 th iteration, f(x)= 0.007156736213853513\n",
      "15490 th iteration, f(x)= 0.007156736213796575\n",
      "15491 th iteration, f(x)= 0.007156736213739751\n",
      "15492 th iteration, f(x)= 0.007156736213683026\n",
      "15493 th iteration, f(x)= 0.007156736213626411\n",
      "15494 th iteration, f(x)= 0.0071567362135699\n",
      "15495 th iteration, f(x)= 0.007156736213513497\n",
      "15496 th iteration, f(x)= 0.007156736213457195\n",
      "15497 th iteration, f(x)= 0.007156736213401005\n",
      "15498 th iteration, f(x)= 0.007156736213344913\n",
      "15499 th iteration, f(x)= 0.0071567362132889285\n",
      "15500 th iteration, f(x)= 0.007156736213233049\n",
      "15501 th iteration, f(x)= 0.007156736213177273\n",
      "15502 th iteration, f(x)= 0.007156736213121601\n",
      "15503 th iteration, f(x)= 0.007156736213066034\n",
      "15504 th iteration, f(x)= 0.007156736213010573\n",
      "15505 th iteration, f(x)= 0.007156736212955211\n",
      "15506 th iteration, f(x)= 0.007156736212899957\n",
      "15507 th iteration, f(x)= 0.007156736212844801\n",
      "15508 th iteration, f(x)= 0.007156736212789754\n",
      "15509 th iteration, f(x)= 0.007156736212734802\n",
      "15510 th iteration, f(x)= 0.0071567362126799625\n",
      "15511 th iteration, f(x)= 0.007156736212625219\n",
      "15512 th iteration, f(x)= 0.007156736212570581\n",
      "15513 th iteration, f(x)= 0.007156736212516043\n",
      "15514 th iteration, f(x)= 0.007156736212461607\n",
      "15515 th iteration, f(x)= 0.0071567362124072735\n",
      "15516 th iteration, f(x)= 0.0071567362123530435\n",
      "15517 th iteration, f(x)= 0.0071567362122989114\n",
      "15518 th iteration, f(x)= 0.007156736212244881\n",
      "15519 th iteration, f(x)= 0.007156736212190952\n",
      "15520 th iteration, f(x)= 0.007156736212137125\n",
      "15521 th iteration, f(x)= 0.007156736212083395\n",
      "15522 th iteration, f(x)= 0.007156736212029767\n",
      "15523 th iteration, f(x)= 0.007156736211976242\n",
      "15524 th iteration, f(x)= 0.007156736211922816\n",
      "15525 th iteration, f(x)= 0.007156736211869488\n",
      "15526 th iteration, f(x)= 0.007156736211816261\n",
      "15527 th iteration, f(x)= 0.007156736211763135\n",
      "15528 th iteration, f(x)= 0.0071567362117101055\n",
      "15529 th iteration, f(x)= 0.0071567362116571765\n",
      "15530 th iteration, f(x)= 0.007156736211604346\n",
      "15531 th iteration, f(x)= 0.007156736211551615\n",
      "15532 th iteration, f(x)= 0.007156736211498983\n",
      "15533 th iteration, f(x)= 0.007156736211446447\n",
      "15534 th iteration, f(x)= 0.00715673621139401\n",
      "15535 th iteration, f(x)= 0.007156736211341674\n",
      "15536 th iteration, f(x)= 0.007156736211289432\n",
      "15537 th iteration, f(x)= 0.007156736211237288\n",
      "15538 th iteration, f(x)= 0.007156736211185244\n",
      "15539 th iteration, f(x)= 0.0071567362111332935\n",
      "15540 th iteration, f(x)= 0.007156736211081443\n",
      "15541 th iteration, f(x)= 0.007156736211029686\n",
      "15542 th iteration, f(x)= 0.007156736210978029\n",
      "15543 th iteration, f(x)= 0.007156736210926469\n",
      "15544 th iteration, f(x)= 0.007156736210875003\n",
      "15545 th iteration, f(x)= 0.007156736210823634\n",
      "15546 th iteration, f(x)= 0.0071567362107723635\n",
      "15547 th iteration, f(x)= 0.0071567362107211865\n",
      "15548 th iteration, f(x)= 0.007156736210670104\n",
      "15549 th iteration, f(x)= 0.00715673621061912\n",
      "15550 th iteration, f(x)= 0.007156736210568229\n",
      "15551 th iteration, f(x)= 0.007156736210517434\n",
      "15552 th iteration, f(x)= 0.007156736210466734\n",
      "15553 th iteration, f(x)= 0.007156736210416128\n",
      "15554 th iteration, f(x)= 0.007156736210365616\n",
      "15555 th iteration, f(x)= 0.007156736210315199\n",
      "15556 th iteration, f(x)= 0.0071567362102648744\n",
      "15557 th iteration, f(x)= 0.007156736210214647\n",
      "15558 th iteration, f(x)= 0.007156736210164514\n",
      "15559 th iteration, f(x)= 0.007156736210114474\n",
      "15560 th iteration, f(x)= 0.007156736210064526\n",
      "15561 th iteration, f(x)= 0.007156736210014673\n",
      "15562 th iteration, f(x)= 0.007156736209964909\n",
      "15563 th iteration, f(x)= 0.0071567362099152435\n",
      "15564 th iteration, f(x)= 0.007156736209865668\n",
      "15565 th iteration, f(x)= 0.007156736209816185\n",
      "15566 th iteration, f(x)= 0.0071567362097667946\n",
      "15567 th iteration, f(x)= 0.007156736209717497\n",
      "15568 th iteration, f(x)= 0.00715673620966829\n",
      "15569 th iteration, f(x)= 0.007156736209619178\n",
      "15570 th iteration, f(x)= 0.007156736209570158\n",
      "15571 th iteration, f(x)= 0.007156736209521225\n",
      "15572 th iteration, f(x)= 0.007156736209472388\n",
      "15573 th iteration, f(x)= 0.00715673620942364\n",
      "15574 th iteration, f(x)= 0.007156736209374986\n",
      "15575 th iteration, f(x)= 0.007156736209326417\n",
      "15576 th iteration, f(x)= 0.0071567362092779425\n",
      "15577 th iteration, f(x)= 0.00715673620922956\n",
      "15578 th iteration, f(x)= 0.007156736209181266\n",
      "15579 th iteration, f(x)= 0.007156736209133061\n",
      "15580 th iteration, f(x)= 0.007156736209084948\n",
      "15581 th iteration, f(x)= 0.007156736209036927\n",
      "15582 th iteration, f(x)= 0.007156736208988993\n",
      "15583 th iteration, f(x)= 0.007156736208941146\n",
      "15584 th iteration, f(x)= 0.007156736208893392\n",
      "15585 th iteration, f(x)= 0.007156736208845729\n",
      "15586 th iteration, f(x)= 0.007156736208798153\n",
      "15587 th iteration, f(x)= 0.0071567362087506655\n",
      "15588 th iteration, f(x)= 0.007156736208703266\n",
      "15589 th iteration, f(x)= 0.007156736208655955\n",
      "15590 th iteration, f(x)= 0.007156736208608732\n",
      "15591 th iteration, f(x)= 0.007156736208561599\n",
      "15592 th iteration, f(x)= 0.007156736208514555\n",
      "15593 th iteration, f(x)= 0.007156736208467597\n",
      "15594 th iteration, f(x)= 0.0071567362084207255\n",
      "15595 th iteration, f(x)= 0.007156736208373943\n",
      "15596 th iteration, f(x)= 0.00715673620832725\n",
      "15597 th iteration, f(x)= 0.007156736208280642\n",
      "15598 th iteration, f(x)= 0.007156736208234124\n",
      "15599 th iteration, f(x)= 0.007156736208187688\n",
      "15600 th iteration, f(x)= 0.007156736208141344\n",
      "15601 th iteration, f(x)= 0.007156736208095083\n",
      "15602 th iteration, f(x)= 0.007156736208048909\n",
      "15603 th iteration, f(x)= 0.007156736208002821\n",
      "15604 th iteration, f(x)= 0.007156736207956821\n",
      "15605 th iteration, f(x)= 0.007156736207910905\n",
      "15606 th iteration, f(x)= 0.007156736207865075\n",
      "15607 th iteration, f(x)= 0.00715673620781933\n",
      "15608 th iteration, f(x)= 0.0071567362077736745\n",
      "15609 th iteration, f(x)= 0.007156736207728101\n",
      "15610 th iteration, f(x)= 0.007156736207682613\n",
      "15611 th iteration, f(x)= 0.007156736207637209\n",
      "15612 th iteration, f(x)= 0.007156736207591893\n",
      "15613 th iteration, f(x)= 0.007156736207546659\n",
      "15614 th iteration, f(x)= 0.007156736207501511\n",
      "15615 th iteration, f(x)= 0.007156736207456446\n",
      "15616 th iteration, f(x)= 0.007156736207411467\n",
      "15617 th iteration, f(x)= 0.007156736207366572\n",
      "15618 th iteration, f(x)= 0.00715673620732176\n",
      "15619 th iteration, f(x)= 0.007156736207277031\n",
      "15620 th iteration, f(x)= 0.0071567362072323835\n",
      "15621 th iteration, f(x)= 0.007156736207187824\n",
      "15622 th iteration, f(x)= 0.007156736207143345\n",
      "15623 th iteration, f(x)= 0.007156736207098953\n",
      "15624 th iteration, f(x)= 0.0071567362070546385\n",
      "15625 th iteration, f(x)= 0.00715673620701041\n",
      "15626 th iteration, f(x)= 0.007156736206966264\n",
      "15627 th iteration, f(x)= 0.0071567362069221985\n",
      "15628 th iteration, f(x)= 0.007156736206878217\n",
      "15629 th iteration, f(x)= 0.007156736206834319\n",
      "15630 th iteration, f(x)= 0.0071567362067905\n",
      "15631 th iteration, f(x)= 0.007156736206746767\n",
      "15632 th iteration, f(x)= 0.007156736206703112\n",
      "15633 th iteration, f(x)= 0.0071567362066595405\n",
      "15634 th iteration, f(x)= 0.007156736206616047\n",
      "15635 th iteration, f(x)= 0.007156736206572639\n",
      "15636 th iteration, f(x)= 0.00715673620652931\n",
      "15637 th iteration, f(x)= 0.007156736206486063\n",
      "15638 th iteration, f(x)= 0.007156736206442896\n",
      "15639 th iteration, f(x)= 0.00715673620639981\n",
      "15640 th iteration, f(x)= 0.0071567362063568035\n",
      "15641 th iteration, f(x)= 0.007156736206313878\n",
      "15642 th iteration, f(x)= 0.0071567362062710345\n",
      "15643 th iteration, f(x)= 0.00715673620622827\n",
      "15644 th iteration, f(x)= 0.0071567362061855854\n",
      "15645 th iteration, f(x)= 0.00715673620614298\n",
      "15646 th iteration, f(x)= 0.007156736206100455\n",
      "15647 th iteration, f(x)= 0.007156736206058009\n",
      "15648 th iteration, f(x)= 0.00715673620601564\n",
      "15649 th iteration, f(x)= 0.007156736205973354\n",
      "15650 th iteration, f(x)= 0.007156736205931146\n",
      "15651 th iteration, f(x)= 0.007156736205889016\n",
      "15652 th iteration, f(x)= 0.007156736205846965\n",
      "15653 th iteration, f(x)= 0.007156736205804993\n",
      "15654 th iteration, f(x)= 0.0071567362057631\n",
      "15655 th iteration, f(x)= 0.007156736205721287\n",
      "15656 th iteration, f(x)= 0.007156736205679545\n",
      "15657 th iteration, f(x)= 0.007156736205637888\n",
      "15658 th iteration, f(x)= 0.007156736205596306\n",
      "15659 th iteration, f(x)= 0.007156736205554801\n",
      "15660 th iteration, f(x)= 0.007156736205513374\n",
      "15661 th iteration, f(x)= 0.007156736205472028\n",
      "15662 th iteration, f(x)= 0.007156736205430757\n",
      "15663 th iteration, f(x)= 0.007156736205389558\n",
      "15664 th iteration, f(x)= 0.0071567362053484435\n",
      "15665 th iteration, f(x)= 0.007156736205307401\n",
      "15666 th iteration, f(x)= 0.0071567362052664405\n",
      "15667 th iteration, f(x)= 0.007156736205225554\n",
      "15668 th iteration, f(x)= 0.00715673620518474\n",
      "15669 th iteration, f(x)= 0.007156736205144005\n",
      "15670 th iteration, f(x)= 0.007156736205103346\n",
      "15671 th iteration, f(x)= 0.007156736205062764\n",
      "15672 th iteration, f(x)= 0.007156736205022257\n",
      "15673 th iteration, f(x)= 0.007156736204981826\n",
      "15674 th iteration, f(x)= 0.00715673620494147\n",
      "15675 th iteration, f(x)= 0.007156736204901191\n",
      "15676 th iteration, f(x)= 0.007156736204860985\n",
      "15677 th iteration, f(x)= 0.007156736204820858\n",
      "15678 th iteration, f(x)= 0.007156736204780802\n",
      "15679 th iteration, f(x)= 0.007156736204740823\n",
      "15680 th iteration, f(x)= 0.007156736204700918\n",
      "15681 th iteration, f(x)= 0.0071567362046610844\n",
      "15682 th iteration, f(x)= 0.007156736204621331\n",
      "15683 th iteration, f(x)= 0.007156736204581647\n",
      "15684 th iteration, f(x)= 0.0071567362045420425\n",
      "15685 th iteration, f(x)= 0.007156736204502507\n",
      "15686 th iteration, f(x)= 0.007156736204463047\n",
      "15687 th iteration, f(x)= 0.007156736204423661\n",
      "15688 th iteration, f(x)= 0.007156736204384349\n",
      "15689 th iteration, f(x)= 0.007156736204345108\n",
      "15690 th iteration, f(x)= 0.007156736204305946\n",
      "15691 th iteration, f(x)= 0.007156736204266852\n",
      "15692 th iteration, f(x)= 0.007156736204227834\n",
      "15693 th iteration, f(x)= 0.007156736204188886\n",
      "15694 th iteration, f(x)= 0.007156736204150012\n",
      "15695 th iteration, f(x)= 0.0071567362041112135\n",
      "15696 th iteration, f(x)= 0.007156736204072484\n",
      "15697 th iteration, f(x)= 0.007156736204033829\n",
      "15698 th iteration, f(x)= 0.007156736203995245\n",
      "15699 th iteration, f(x)= 0.00715673620395673\n",
      "15700 th iteration, f(x)= 0.00715673620391829\n",
      "15701 th iteration, f(x)= 0.007156736203879925\n",
      "15702 th iteration, f(x)= 0.007156736203841627\n",
      "15703 th iteration, f(x)= 0.0071567362038034025\n",
      "15704 th iteration, f(x)= 0.007156736203765249\n",
      "15705 th iteration, f(x)= 0.007156736203727167\n",
      "15706 th iteration, f(x)= 0.007156736203689156\n",
      "15707 th iteration, f(x)= 0.007156736203651215\n",
      "15708 th iteration, f(x)= 0.00715673620361335\n",
      "15709 th iteration, f(x)= 0.007156736203575553\n",
      "15710 th iteration, f(x)= 0.007156736203537823\n",
      "15711 th iteration, f(x)= 0.007156736203500163\n",
      "15712 th iteration, f(x)= 0.00715673620346258\n",
      "15713 th iteration, f(x)= 0.007156736203425064\n",
      "15714 th iteration, f(x)= 0.007156736203387617\n",
      "15715 th iteration, f(x)= 0.007156736203350241\n",
      "15716 th iteration, f(x)= 0.007156736203312933\n",
      "15717 th iteration, f(x)= 0.007156736203275698\n",
      "15718 th iteration, f(x)= 0.00715673620323853\n",
      "15719 th iteration, f(x)= 0.007156736203201432\n",
      "15720 th iteration, f(x)= 0.007156736203164405\n",
      "15721 th iteration, f(x)= 0.007156736203127447\n",
      "15722 th iteration, f(x)= 0.007156736203090556\n",
      "15723 th iteration, f(x)= 0.007156736203053736\n",
      "15724 th iteration, f(x)= 0.007156736203016983\n",
      "15725 th iteration, f(x)= 0.007156736202980299\n",
      "15726 th iteration, f(x)= 0.007156736202943682\n",
      "15727 th iteration, f(x)= 0.007156736202907138\n",
      "15728 th iteration, f(x)= 0.00715673620287066\n",
      "15729 th iteration, f(x)= 0.007156736202834248\n",
      "15730 th iteration, f(x)= 0.007156736202797906\n",
      "15731 th iteration, f(x)= 0.007156736202761632\n",
      "15732 th iteration, f(x)= 0.007156736202725425\n",
      "15733 th iteration, f(x)= 0.007156736202689289\n",
      "15734 th iteration, f(x)= 0.007156736202653217\n",
      "15735 th iteration, f(x)= 0.007156736202617214\n",
      "15736 th iteration, f(x)= 0.007156736202581274\n",
      "15737 th iteration, f(x)= 0.007156736202545406\n",
      "15738 th iteration, f(x)= 0.007156736202509603\n",
      "15739 th iteration, f(x)= 0.007156736202473869\n",
      "15740 th iteration, f(x)= 0.007156736202438199\n",
      "15741 th iteration, f(x)= 0.007156736202402599\n",
      "15742 th iteration, f(x)= 0.007156736202367063\n",
      "15743 th iteration, f(x)= 0.007156736202331592\n",
      "15744 th iteration, f(x)= 0.0071567362022961906\n",
      "15745 th iteration, f(x)= 0.007156736202260856\n",
      "15746 th iteration, f(x)= 0.007156736202225585\n",
      "15747 th iteration, f(x)= 0.007156736202190379\n",
      "15748 th iteration, f(x)= 0.007156736202155239\n",
      "15749 th iteration, f(x)= 0.007156736202120166\n",
      "15750 th iteration, f(x)= 0.00715673620208516\n",
      "15751 th iteration, f(x)= 0.0071567362020502154\n",
      "15752 th iteration, f(x)= 0.007156736202015341\n",
      "15753 th iteration, f(x)= 0.007156736201980527\n",
      "15754 th iteration, f(x)= 0.007156736201945782\n",
      "15755 th iteration, f(x)= 0.007156736201911102\n",
      "15756 th iteration, f(x)= 0.007156736201876482\n",
      "15757 th iteration, f(x)= 0.007156736201841932\n",
      "15758 th iteration, f(x)= 0.007156736201807443\n",
      "15759 th iteration, f(x)= 0.007156736201773021\n",
      "15760 th iteration, f(x)= 0.007156736201738661\n",
      "15761 th iteration, f(x)= 0.007156736201704368\n",
      "15762 th iteration, f(x)= 0.007156736201670137\n",
      "15763 th iteration, f(x)= 0.007156736201635968\n",
      "15764 th iteration, f(x)= 0.007156736201601868\n",
      "15765 th iteration, f(x)= 0.007156736201567826\n",
      "15766 th iteration, f(x)= 0.007156736201533853\n",
      "15767 th iteration, f(x)= 0.007156736201499942\n",
      "15768 th iteration, f(x)= 0.0071567362014660916\n",
      "15769 th iteration, f(x)= 0.007156736201432308\n",
      "15770 th iteration, f(x)= 0.007156736201398587\n",
      "15771 th iteration, f(x)= 0.007156736201364926\n",
      "15772 th iteration, f(x)= 0.0071567362013313296\n",
      "15773 th iteration, f(x)= 0.007156736201297797\n",
      "15774 th iteration, f(x)= 0.007156736201264324\n",
      "15775 th iteration, f(x)= 0.007156736201230917\n",
      "15776 th iteration, f(x)= 0.007156736201197571\n",
      "15777 th iteration, f(x)= 0.007156736201164286\n",
      "15778 th iteration, f(x)= 0.007156736201131068\n",
      "15779 th iteration, f(x)= 0.007156736201097907\n",
      "15780 th iteration, f(x)= 0.007156736201064808\n",
      "15781 th iteration, f(x)= 0.007156736201031774\n",
      "15782 th iteration, f(x)= 0.007156736200998798\n",
      "15783 th iteration, f(x)= 0.007156736200965888\n",
      "15784 th iteration, f(x)= 0.0071567362009330405\n",
      "15785 th iteration, f(x)= 0.00715673620090025\n",
      "15786 th iteration, f(x)= 0.00715673620086752\n",
      "15787 th iteration, f(x)= 0.007156736200834856\n",
      "15788 th iteration, f(x)= 0.00715673620080225\n",
      "15789 th iteration, f(x)= 0.007156736200769703\n",
      "15790 th iteration, f(x)= 0.00715673620073722\n",
      "15791 th iteration, f(x)= 0.007156736200704796\n",
      "15792 th iteration, f(x)= 0.007156736200672436\n",
      "15793 th iteration, f(x)= 0.007156736200640132\n",
      "15794 th iteration, f(x)= 0.00715673620060789\n",
      "15795 th iteration, f(x)= 0.00715673620057571\n",
      "15796 th iteration, f(x)= 0.00715673620054359\n",
      "15797 th iteration, f(x)= 0.007156736200511528\n",
      "15798 th iteration, f(x)= 0.007156736200479527\n",
      "15799 th iteration, f(x)= 0.007156736200447582\n",
      "15800 th iteration, f(x)= 0.007156736200415702\n",
      "15801 th iteration, f(x)= 0.007156736200383878\n",
      "15802 th iteration, f(x)= 0.007156736200352118\n",
      "15803 th iteration, f(x)= 0.007156736200320413\n",
      "15804 th iteration, f(x)= 0.007156736200288768\n",
      "15805 th iteration, f(x)= 0.007156736200257182\n",
      "15806 th iteration, f(x)= 0.007156736200225658\n",
      "15807 th iteration, f(x)= 0.0071567362001941906\n",
      "15808 th iteration, f(x)= 0.007156736200162782\n",
      "15809 th iteration, f(x)= 0.007156736200131434\n",
      "15810 th iteration, f(x)= 0.007156736200100141\n",
      "15811 th iteration, f(x)= 0.00715673620006891\n",
      "15812 th iteration, f(x)= 0.007156736200037736\n",
      "15813 th iteration, f(x)= 0.007156736200006617\n",
      "15814 th iteration, f(x)= 0.007156736199975563\n",
      "15815 th iteration, f(x)= 0.007156736199944561\n",
      "15816 th iteration, f(x)= 0.0071567361999136225\n",
      "15817 th iteration, f(x)= 0.007156736199882734\n",
      "15818 th iteration, f(x)= 0.007156736199851907\n",
      "15819 th iteration, f(x)= 0.00715673619982114\n",
      "15820 th iteration, f(x)= 0.00715673619979043\n",
      "15821 th iteration, f(x)= 0.007156736199759774\n",
      "15822 th iteration, f(x)= 0.00715673619972918\n",
      "15823 th iteration, f(x)= 0.007156736199698642\n",
      "15824 th iteration, f(x)= 0.0071567361996681565\n",
      "15825 th iteration, f(x)= 0.007156736199637733\n",
      "15826 th iteration, f(x)= 0.007156736199607364\n",
      "15827 th iteration, f(x)= 0.007156736199577051\n",
      "15828 th iteration, f(x)= 0.007156736199546795\n",
      "15829 th iteration, f(x)= 0.0071567361995166\n",
      "15830 th iteration, f(x)= 0.007156736199486455\n",
      "15831 th iteration, f(x)= 0.007156736199456369\n",
      "15832 th iteration, f(x)= 0.007156736199426341\n",
      "15833 th iteration, f(x)= 0.0071567361993963696\n",
      "15834 th iteration, f(x)= 0.00715673619936645\n",
      "15835 th iteration, f(x)= 0.007156736199336588\n",
      "15836 th iteration, f(x)= 0.007156736199306783\n",
      "15837 th iteration, f(x)= 0.007156736199277032\n",
      "15838 th iteration, f(x)= 0.0071567361992473395\n",
      "15839 th iteration, f(x)= 0.0071567361992177\n",
      "15840 th iteration, f(x)= 0.007156736199188118\n",
      "15841 th iteration, f(x)= 0.00715673619915859\n",
      "15842 th iteration, f(x)= 0.007156736199129116\n",
      "15843 th iteration, f(x)= 0.007156736199099697\n",
      "15844 th iteration, f(x)= 0.0071567361990703335\n",
      "15845 th iteration, f(x)= 0.007156736199041028\n",
      "15846 th iteration, f(x)= 0.007156736199011771\n",
      "15847 th iteration, f(x)= 0.007156736198982575\n",
      "15848 th iteration, f(x)= 0.007156736198953432\n",
      "15849 th iteration, f(x)= 0.007156736198924341\n",
      "15850 th iteration, f(x)= 0.007156736198895307\n",
      "15851 th iteration, f(x)= 0.007156736198866323\n",
      "15852 th iteration, f(x)= 0.0071567361988374\n",
      "15853 th iteration, f(x)= 0.0071567361988085255\n",
      "15854 th iteration, f(x)= 0.007156736198779706\n",
      "15855 th iteration, f(x)= 0.007156736198750938\n",
      "15856 th iteration, f(x)= 0.007156736198722227\n",
      "15857 th iteration, f(x)= 0.007156736198693576\n",
      "15858 th iteration, f(x)= 0.0071567361986649685\n",
      "15859 th iteration, f(x)= 0.007156736198636417\n",
      "15860 th iteration, f(x)= 0.007156736198607921\n"
     ]
    }
   ],
   "source": [
    "# 1. Lipschitz gradient majorant\n",
    "x = x0.copy()\n",
    "eta = 1e-5\n",
    "maxIter = 30000\n",
    "g = G1(x)\n",
    "for i in range(maxIter):\n",
    "    print(i, \"th iteration, f(x)=\", f(x))\n",
    "    x = BFGS(x, g, grad1(x), n=n, eps = 1e-30, eta=1e-5, maxIter=10000, display=False)\n",
    "    g = G1(x)\n",
    "    if np.linalg.norm(grad(x)) < eta:\n",
    "        break"
   ]
  },
  {
   "cell_type": "code",
   "execution_count": 13,
   "metadata": {
    "tags": []
   },
   "outputs": [
    {
     "name": "stdout",
     "output_type": "stream",
     "text": [
      "0 th iteration, f(x)= 34014.40633230235\n",
      "1 th iteration, f(x)= 0.007157022779348722\n",
      "2 th iteration, f(x)= 0.00715673620460766\n"
     ]
    }
   ],
   "source": [
    "# 2. variational majorant function\n",
    "x = x0.copy()\n",
    "eta = 1e-5\n",
    "maxIter = 500\n",
    "g = G2(x)\n",
    "for i in range(maxIter):\n",
    "    print(i, \"th iteration, f(x)=\", f(x))\n",
    "    x = BFGS(x, g, grad2(x), n=n, eps = 1e-30, eta=1e-5, maxIter=50, display=False)\n",
    "    g = G2(x)\n",
    "    if np.linalg.norm(grad(x)) < eta:\n",
    "        break"
   ]
  },
  {
   "cell_type": "code",
   "execution_count": 9,
   "metadata": {},
   "outputs": [
    {
     "name": "stdout",
     "output_type": "stream",
     "text": [
      "0 th iteration, f(x)= 34014.40633230235\n",
      "1 th iteration, f(x)= 2291.679326044753\n",
      "2 th iteration, f(x)= 1957.1101064777113\n",
      "3 th iteration, f(x)= 1882.4287405418183\n",
      "4 th iteration, f(x)= 1857.0881833929786\n",
      "5 th iteration, f(x)= 1838.6493876902111\n",
      "6 th iteration, f(x)= 1800.7849290664635\n",
      "7 th iteration, f(x)= 1760.3617652784192\n",
      "8 th iteration, f(x)= 1681.4262954544977\n",
      "9 th iteration, f(x)= 1576.937191454927\n",
      "10 th iteration, f(x)= 1402.1502767324323\n",
      "11 th iteration, f(x)= 1271.0111857486038\n",
      "12 th iteration, f(x)= 910.8846708762891\n",
      "13 th iteration, f(x)= 448.1025462048118\n",
      "14 th iteration, f(x)= 330.877280085147\n",
      "15 th iteration, f(x)= 280.123771258122\n",
      "16 th iteration, f(x)= 232.5162053287782\n",
      "17 th iteration, f(x)= 88.92704246172858\n",
      "18 th iteration, f(x)= 67.38263969220485\n",
      "19 th iteration, f(x)= 51.09222688445992\n",
      "20 th iteration, f(x)= 31.48812502815125\n",
      "21 th iteration, f(x)= 2.9201599464235812\n",
      "22 th iteration, f(x)= 0.8353168374585138\n",
      "23 th iteration, f(x)= 0.0851741147946558\n",
      "24 th iteration, f(x)= 0.009328007341712848\n",
      "25 th iteration, f(x)= 0.007215648593719789\n",
      "26 th iteration, f(x)= 0.007158311945326502\n",
      "27 th iteration, f(x)= 0.007156778644639016\n",
      "28 th iteration, f(x)= 0.007156737327560264\n",
      "29 th iteration, f(x)= 0.00715673621421872\n",
      "30 th iteration, f(x)= 0.00715673618421831\n",
      "31 th iteration, f(x)= 0.0071567361834099065\n"
     ]
    }
   ],
   "source": [
    "# 3. Optimize original function\n",
    "x = x0.copy()\n",
    "x = BFGS(x, f, grad, n=n, eta=1e-5, maxIter=200)"
   ]
  },
  {
   "cell_type": "code",
   "execution_count": 11,
   "metadata": {},
   "outputs": [
    {
     "name": "stdout",
     "output_type": "stream",
     "text": [
      "Optimization terminated successfully.\n",
      "         Current function value: 0.007157\n",
      "         Iterations: 28\n",
      "         Function evaluations: 693\n",
      "         Gradient evaluations: 33\n",
      "      fun: 0.007156736184194109\n",
      " hess_inv: array([[ 4.23427080e-02, -1.06309180e-02, -1.48198659e-03,\n",
      "         1.24075698e-03, -3.34344891e-04, -1.31286902e-02,\n",
      "        -2.24944442e-02, -1.36267548e-02, -4.84116502e-03,\n",
      "         1.65344109e-02,  9.23167961e-03, -6.58852090e-03,\n",
      "        -8.21886807e-03,  1.08767300e-02,  1.28608211e-02,\n",
      "        -8.42232407e-03, -2.61280369e-02,  8.08160159e-03,\n",
      "         4.43320852e-03, -4.52721976e-03],\n",
      "       [-1.06309180e-02,  8.27871281e-02,  3.67155213e-02,\n",
      "        -7.30128839e-02, -2.69442771e-03, -1.49508423e-03,\n",
      "         4.38572900e-03,  2.79822412e-02,  1.74246664e-03,\n",
      "        -3.89679723e-02, -1.00243816e-02,  7.33531889e-03,\n",
      "        -3.09195421e-02,  8.62890484e-03,  1.63281611e-02,\n",
      "        -2.57996607e-02,  6.04191897e-02, -2.14600806e-02,\n",
      "        -4.17641906e-02, -1.64650718e-02],\n",
      "       [-1.48198659e-03,  3.67155213e-02,  2.54545096e-02,\n",
      "        -2.68633779e-02, -3.49510415e-03, -7.78507132e-03,\n",
      "         6.24334871e-03,  1.38226548e-02, -3.66874605e-04,\n",
      "        -2.51576819e-02, -1.08490094e-02,  1.83091992e-03,\n",
      "        -1.40875180e-02,  7.93827685e-03,  2.31982562e-03,\n",
      "        -1.22790561e-02,  2.38444359e-02, -1.27578421e-02,\n",
      "        -1.75629233e-02, -1.29305702e-02],\n",
      "       [ 1.24075698e-03, -7.30128839e-02, -2.68633779e-02,\n",
      "         1.13712413e-01, -1.11434489e-02, -1.98909955e-02,\n",
      "         1.61379843e-02, -1.53719205e-02, -3.84382988e-03,\n",
      "         1.47375979e-02, -4.97015217e-03, -1.67637589e-02,\n",
      "         4.12283666e-02, -1.52692714e-02, -2.92336979e-02,\n",
      "         2.49530055e-02, -5.39036269e-02, -2.41218173e-03,\n",
      "         3.16257496e-02, -4.49622801e-03],\n",
      "       [-3.34344891e-04, -2.69442771e-03, -3.49510415e-03,\n",
      "        -1.11434489e-02,  9.79571308e-03,  1.08410801e-02,\n",
      "        -3.45886277e-03, -3.69899476e-03, -2.97610439e-03,\n",
      "         5.82610737e-03,  2.58640911e-03,  5.07449692e-03,\n",
      "        -9.83026815e-04, -2.98810669e-03, -1.21452352e-03,\n",
      "         6.67839630e-03, -4.03568603e-03,  4.46080975e-03,\n",
      "         1.25035424e-03,  5.59744904e-03],\n",
      "       [-1.31286902e-02, -1.49508423e-03, -7.78507132e-03,\n",
      "        -1.98909955e-02,  1.08410801e-02,  2.60734225e-02,\n",
      "        -1.69692205e-03,  4.51219172e-05, -2.16712842e-03,\n",
      "         6.71028602e-03,  3.81559973e-03,  8.96818983e-03,\n",
      "         3.81482534e-04, -8.73619707e-03, -1.16799203e-03,\n",
      "         1.21663661e-02,  3.64223194e-03,  1.08752095e-02,\n",
      "         6.44174504e-04,  1.12280744e-02],\n",
      "       [-2.24944442e-02,  4.38572900e-03,  6.24334871e-03,\n",
      "         1.61379843e-02, -3.45886277e-03, -1.69692205e-03,\n",
      "         2.28120968e-02,  8.73576814e-03,  2.14738528e-03,\n",
      "        -1.72613139e-02, -1.32726829e-02,  1.94544969e-05,\n",
      "         7.90363827e-03, -6.28985070e-03, -1.57128634e-02,\n",
      "         4.98403632e-03,  1.25793175e-02, -1.30355824e-02,\n",
      "        -1.78287478e-03, -4.71080826e-03],\n",
      "       [-1.36267548e-02,  2.79822412e-02,  1.38226548e-02,\n",
      "        -1.53719205e-02, -3.69899476e-03,  4.51219172e-05,\n",
      "         8.73576814e-03,  1.93441614e-02, -1.71651104e-03,\n",
      "        -2.06091844e-02, -7.56600644e-03,  3.41676248e-03,\n",
      "        -7.34460563e-03, -6.69896475e-04, -1.17528394e-03,\n",
      "        -2.47194164e-03,  1.88063673e-02, -8.53345460e-03,\n",
      "        -1.56038090e-02, -8.70867456e-03],\n",
      "       [-4.84116502e-03,  1.74246664e-03, -3.66874605e-04,\n",
      "        -3.84382988e-03, -2.97610439e-03, -2.16712842e-03,\n",
      "         2.14738528e-03, -1.71651104e-03,  1.15762984e-02,\n",
      "        -1.17342321e-04, -6.38234703e-04, -5.34493547e-05,\n",
      "        -1.81071228e-03,  3.28095192e-03,  2.90032555e-03,\n",
      "        -8.28588883e-03,  1.22309918e-02, -1.63883422e-03,\n",
      "         1.62076313e-03,  4.46981952e-03],\n",
      "       [ 1.65344109e-02, -3.89679723e-02, -2.51576819e-02,\n",
      "         1.47375979e-02,  5.82610737e-03,  6.71028602e-03,\n",
      "        -1.72613139e-02, -2.06091844e-02, -1.17342321e-04,\n",
      "         3.56103386e-02,  1.70404992e-02, -2.29570435e-03,\n",
      "         8.03404433e-03, -9.24950892e-04,  5.12738630e-03,\n",
      "         6.79379323e-03, -3.07512436e-02,  1.98624993e-02,\n",
      "         2.11918115e-02,  1.55566893e-02],\n",
      "       [ 9.23167961e-03, -1.00243816e-02, -1.08490094e-02,\n",
      "        -4.97015217e-03,  2.58640911e-03,  3.81559973e-03,\n",
      "        -1.32726829e-02, -7.56600644e-03, -6.38234703e-04,\n",
      "         1.70404992e-02,  1.38503875e-02, -3.37206703e-04,\n",
      "        -8.37798432e-04,  2.42495781e-03,  9.61669586e-03,\n",
      "        -1.64101400e-03, -1.06171712e-02,  1.06036225e-02,\n",
      "         5.16083227e-03,  7.57660107e-03],\n",
      "       [-6.58852090e-03,  7.33531889e-03,  1.83091992e-03,\n",
      "        -1.67637589e-02,  5.07449692e-03,  8.96818983e-03,\n",
      "         1.94544969e-05,  3.41676248e-03, -5.34493547e-05,\n",
      "        -2.29570435e-03, -3.37206703e-04,  7.19185866e-03,\n",
      "        -4.49772086e-03, -1.63971733e-03, -5.87610579e-05,\n",
      "         2.98304937e-03,  5.46569428e-03,  2.44583672e-03,\n",
      "        -2.91810585e-03,  3.37864214e-03],\n",
      "       [-8.21886807e-03, -3.09195421e-02, -1.40875180e-02,\n",
      "         4.12283666e-02, -9.83026815e-04,  3.81482534e-04,\n",
      "         7.90363827e-03, -7.34460563e-03, -1.81071228e-03,\n",
      "         8.03404433e-03, -8.37798432e-04, -4.49772086e-03,\n",
      "         2.18447817e-02, -9.55016271e-03, -1.38147812e-02,\n",
      "         1.40890509e-02, -1.76323200e-02,  1.04555671e-03,\n",
      "         1.38529555e-02,  2.55908147e-03],\n",
      "       [ 1.08767300e-02,  8.62890484e-03,  7.93827685e-03,\n",
      "        -1.52692714e-02, -2.98810669e-03, -8.73619707e-03,\n",
      "        -6.28985070e-03, -6.69896475e-04,  3.28095192e-03,\n",
      "        -9.24950892e-04,  2.42495781e-03, -1.63971733e-03,\n",
      "        -9.55016271e-03,  1.53969867e-02,  8.16972339e-03,\n",
      "        -1.45226826e-02,  3.51494326e-03,  1.04412678e-03,\n",
      "        -1.33937490e-03, -1.12045983e-04],\n",
      "       [ 1.28608211e-02,  1.63281611e-02,  2.31982562e-03,\n",
      "        -2.92336979e-02, -1.21452352e-03, -1.16799203e-03,\n",
      "        -1.57128634e-02, -1.17528394e-03,  2.90032555e-03,\n",
      "         5.12738630e-03,  9.61669586e-03, -5.87610579e-05,\n",
      "        -1.38147812e-02,  8.16972339e-03,  2.11688075e-02,\n",
      "        -1.55056183e-02,  1.01686998e-02,  4.85537851e-03,\n",
      "        -8.11606079e-03,  1.69825365e-03],\n",
      "       [-8.42232407e-03, -2.57996607e-02, -1.22790561e-02,\n",
      "         2.49530055e-02,  6.67839630e-03,  1.21663661e-02,\n",
      "         4.98403632e-03, -2.47194164e-03, -8.28588883e-03,\n",
      "         6.79379323e-03, -1.64101400e-03,  2.98304937e-03,\n",
      "         1.40890509e-02, -1.45226826e-02, -1.55056183e-02,\n",
      "         2.60112910e-02, -2.29130446e-02,  6.59059980e-03,\n",
      "         1.00607822e-02,  3.52150421e-03],\n",
      "       [-2.61280369e-02,  6.04191897e-02,  2.38444359e-02,\n",
      "        -5.39036269e-02, -4.03568603e-03,  3.64223194e-03,\n",
      "         1.25793175e-02,  1.88063673e-02,  1.22309918e-02,\n",
      "        -3.07512436e-02, -1.06171712e-02,  5.46569428e-03,\n",
      "        -1.76323200e-02,  3.51494326e-03,  1.01686998e-02,\n",
      "        -2.29130446e-02,  6.66619308e-02, -1.96817050e-02,\n",
      "        -2.78117788e-02, -4.39692186e-03],\n",
      "       [ 8.08160159e-03, -2.14600806e-02, -1.27578421e-02,\n",
      "        -2.41218173e-03,  4.46080975e-03,  1.08752095e-02,\n",
      "        -1.30355824e-02, -8.53345460e-03, -1.63883422e-03,\n",
      "         1.98624993e-02,  1.06036225e-02,  2.44583672e-03,\n",
      "         1.04555671e-03,  1.04412678e-03,  4.85537851e-03,\n",
      "         6.59059980e-03, -1.96817050e-02,  2.26970517e-02,\n",
      "         1.30733655e-02,  1.07013171e-02],\n",
      "       [ 4.43320852e-03, -4.17641906e-02, -1.75629233e-02,\n",
      "         3.16257496e-02,  1.25035424e-03,  6.44174504e-04,\n",
      "        -1.78287478e-03, -1.56038090e-02,  1.62076313e-03,\n",
      "         2.11918115e-02,  5.16083227e-03, -2.91810585e-03,\n",
      "         1.38529555e-02, -1.33937490e-03, -8.11606079e-03,\n",
      "         1.00607822e-02, -2.78117788e-02,  1.30733655e-02,\n",
      "         2.64808639e-02,  1.06207110e-02],\n",
      "       [-4.52721976e-03, -1.64650718e-02, -1.29305702e-02,\n",
      "        -4.49622801e-03,  5.59744904e-03,  1.12280744e-02,\n",
      "        -4.71080826e-03, -8.70867456e-03,  4.46981952e-03,\n",
      "         1.55566893e-02,  7.57660107e-03,  3.37864214e-03,\n",
